## CASI specifications -----

band_names_casi <- c(1:144)

wavelengths_casi <- c(
  379.799988,  384.549988,  389.299988,  394.049988,  398.799988,  403.549988,
  408.299988,  413.049988,  417.799988,  422.559998,  427.309998,  432.059998,
  436.809998,  441.559998,  446.309998,  451.059998,  455.809998,  460.559998,
  465.309998,  470.059998,  474.809998,  479.559998,  484.309998,  489.059998,
  493.809998,  498.559998,  503.309998,  508.059998,  512.809998,  517.559998,
  522.309998,  527.059998,  531.809998,  536.559998,  541.309998,  546.059998,
  550.809998,  555.559998,  560.309998,  565.059998,  569.809998,  574.559998,
  579.309998,  584.059998,  588.809998,  593.559998,  598.309998,  603.059998,
  607.809998,  612.570007,  617.320007,  622.070007,  626.820007,  631.570007,
  636.320007,  641.070007,  645.820007,  650.570007,  655.320007,  660.070007,
  664.830017,  669.580017,  674.330017,  679.080017,  683.830017,  688.580017,
  693.340027,  698.090027,  702.840027,  707.590027,  712.340027,  717.090027,
  721.849976,  726.599976,  731.349976,  736.099976,  740.859985,  745.609985,
  750.359985,  755.109985,  759.869995,  764.619995,  769.380005,  774.130005,
  778.880005,  783.640015,  788.390015,  793.140015,  797.900024,  802.650024,
  807.409973,  812.159973,  816.909973,  821.669983,  826.419983,  831.179993,
  835.929993,  840.690002,  845.440002,  850.200012,  854.960022,  859.710022,
  864.469971,  869.219971,  873.979980,  878.729980,  883.489990,  888.250000,
  893.010010,  897.760010,  902.520020,  907.280029,  912.030029,  916.789978,
  921.549988,  926.309998,  931.070007,  935.830017,  940.580017,  945.340027,
  950.099976,  954.859985,  959.619995,  964.380005,  969.140015,  973.900024,
  978.659973,  983.419983,  988.179993,  992.940002,  997.700012, 1002.460022,
  1007.219971, 1011.979980, 1016.750000, 1021.510010, 1026.270020, 1031.030029,
  1035.800049, 1040.560059, 1045.319946, 1050.079956, 1054.849976, 1059.609985
)
  
fwhm_casi <- c(
  4.750000, 4.750000, 4.750000, 4.750000, 4.750000, 4.750000, 4.750000,
  4.750000, 4.750000, 4.750000, 4.750000, 4.750000, 4.750000, 4.750000,
  4.750000, 4.750000, 4.750000, 4.750000, 4.750000, 4.750000, 4.750000,
  4.750000, 4.750000, 4.750000, 4.750000, 4.750000, 4.750000, 4.750000,
  4.750000, 4.750000, 4.750000, 4.750000, 4.750000, 4.750000, 4.750000,
  4.750000, 4.750000, 4.750000, 4.750000, 4.750000, 4.750000, 4.750000,
  4.750000, 4.750000, 4.750000, 4.750000, 4.750000, 4.750000, 4.750000,
  4.750000, 4.750000, 4.750000, 4.750000, 4.750000, 4.750000, 4.750000,
  4.750000, 4.750000, 4.750000, 4.750000, 4.750000, 4.750000, 4.750000,
  4.750000, 4.750000, 4.750000, 4.750000, 4.750000, 4.750000, 4.750000,
  4.750000, 4.750000, 4.750000, 4.750000, 4.750000, 4.750000, 4.750000,
  4.750000, 4.750000, 4.750000, 4.750000, 4.750000, 4.750000, 4.750000,
  4.750000, 4.750000, 4.750000, 4.750000, 4.750000, 4.750000, 4.760000,
  4.750000, 4.760000, 4.750000, 4.760000, 4.760000, 4.760000, 4.760000,
  4.760000, 4.760000, 4.760000, 4.760000, 4.760000, 4.760000, 4.760000,
  4.760000, 4.760000, 4.760000, 4.760000, 4.760000, 4.760000, 4.760000,
  4.760000, 4.760000, 4.760000, 4.760000, 4.760000, 4.760000, 4.760000,
  4.760000, 4.760000, 4.760000, 4.760000, 4.760000, 4.760000, 4.760000,
  4.760000, 4.760000, 4.760000, 4.760000, 4.760000, 4.760000, 4.760000,
  4.760000, 4.760000, 4.760000, 4.760000, 4.760000, 4.760000, 4.760000,
  4.760000, 4.760000, 4.760000, 4.760000
)

sensor_casi <- rep("CASI", 144)

## SASI bands -----

band_names_sasi <- c(1:100)


wavelengths_sasi <- c(
  957.500000,  972.500000,  987.500000, 1002.500000, 1017.500000, 1032.500000,
  1047.500000, 1062.500000, 1077.500000, 1092.500000, 1107.500000, 1122.500000,
  1137.500000, 1152.500000, 1167.500000, 1182.500000, 1197.500000, 1212.500000,
  1227.500000, 1242.500000, 1257.500000, 1272.500000, 1287.500000, 1302.500000,
  1317.500000, 1332.500000, 1347.500000, 1362.500000, 1377.500000, 1392.500000,
  1407.500000, 1422.500000, 1437.500000, 1452.500000, 1467.500000, 1482.500000,
  1497.500000, 1512.500000, 1527.500000, 1542.500000, 1557.500000, 1572.500000,
  1587.500000, 1602.500000, 1617.500000, 1632.500000, 1647.500000, 1662.500000,
  1677.500000, 1692.500000, 1707.500000, 1722.500000, 1737.500000, 1752.500000,
  1767.500000, 1782.500000, 1797.500000, 1812.500000, 1827.500000, 1842.500000,
  1857.500000, 1872.500000, 1887.500000, 1902.500000, 1917.500000, 1932.500000,
  1947.500000, 1962.500000, 1977.500000, 1992.500000, 2007.500000, 2022.500000,
  2037.500000, 2052.500000, 2067.500000, 2082.500000, 2097.500000, 2112.500000,
  2127.500000, 2142.500000, 2157.500000, 2172.500000, 2187.500000, 2202.500000,
  2217.500000, 2232.500000, 2247.500000, 2262.500000, 2277.500000, 2292.500000,
  2307.500000, 2322.500000, 2337.500000, 2352.500000, 2367.500000, 2382.500000,
  2397.500000, 2412.500000, 2427.500000, 2442.500000
)

fwhm_sasi <- c(
  15.000000, 15.000000, 15.000000, 15.000000, 15.000000, 15.000000, 15.000000,
  15.000000, 15.000000, 15.000000, 15.000000, 15.000000, 15.000000, 15.000000,
  15.000000, 15.000000, 15.000000, 15.000000, 15.000000, 15.000000, 15.000000,
  15.000000, 15.000000, 15.000000, 15.000000, 15.000000, 15.000000, 15.000000,
  15.000000, 15.000000, 15.000000, 15.000000, 15.000000, 15.000000, 15.000000,
  15.000000, 15.000000, 15.000000, 15.000000, 15.000000, 15.000000, 15.000000,
  15.000000, 15.000000, 15.000000, 15.000000, 15.000000, 15.000000, 15.000000,
  15.000000, 15.000000, 15.000000, 15.000000, 15.000000, 15.000000, 15.000000,
  15.000000, 15.000000, 15.000000, 15.000000, 15.000000, 15.000000, 15.000000,
  15.000000, 15.000000, 15.000000, 15.000000, 15.000000, 15.000000, 15.000000,
  15.000000, 15.000000, 15.000000, 15.000000, 15.000000, 15.000000, 15.000000,
  15.000000, 15.000000, 15.000000, 15.000000, 15.000000, 15.000000, 15.000000,
  15.000000, 15.000000, 15.000000, 15.000000, 15.000000, 15.000000, 15.000000,
  15.000000, 15.000000, 15.000000, 15.000000, 15.000000, 15.000000, 15.000000,
  15.000000, 15.000000
)

sensor_sasi <- rep("SASI", 100)


## Combine data in data frame -----

df_casi <- data.frame("name" = band_names_casi, "wavelength" = wavelengths_casi, "fhwm" = fwhm_casi, "sensor" = sensor_casi)
df_sasi <- data.frame("name" = band_names_sasi, "wavelength" = wavelengths_sasi, "fhwm" = fwhm_sasi, "sensor" = sensor_sasi)

df_full <- rbind(df_casi, df_sasi)

min(df_full$wavelength)
max(df_full$wavelength)
## Plot -----

require(ggplot2)

ggplot(data = df_full, aes(x=wavelength, y = fhwm, fill = sensor)) +
  geom_col(width = 1) +
  scale_x_continuous(limits = c(350, 2500), breaks = seq(0, 2500, 100), expand = c(0,0), ) +
  scale_y_continuous(expand = c(0,0)) +
  theme_bw()
